3 100
83 1
26 74
37 63
  3  2  5  4  4  4  2  9  9 12 15 18 22 54 28 16 13 22 13  7  7  4 14  9  8  7 12  9  8  4  6  9  9  6  6  3  8  6  6  7 12  6  7  5  5  8  8  6  4  4  5  7  6  4  7  3  4  6  5  6  3  5  4  6  8  8  7  8  8  8  6  7  7  8  4  5  7  7  6  6  7  4  4  3  2  2  4  7  5  5  4  6  5  6  5  7  7  7  7  5
  5  4  5  8  7  6  6 10  5 12 16 22 24 44 40 31 35 53 32 18 16 11 24 19 18 17 24 19 15 10 11 17 13  9  9 10 14 13 12 11 16 14 11 10  7 12 13 11  7  7 10 10  8  9 12  6  5  5  2  6  4  3  4  5  9  9 10 10  9  8  7  7  8 12 12 10  8 10 13 10 13  8  8  6  6  8  9 13 13 12  7  8  7  8 10 12 11  9 10  7
  5  8  9 10 11  7  7  2  8 11 15 21 22 35 39 32 29 28 19  3 20 28 60 38 30 28 37 30 28 19 17 23 22 17 14 16 21 21 16 15 22 20 19 18 14 21 19 15 13 13 16 15 11 10 15 11  8 10  5  9  4  1  2  7 14 11 10 13 13 14 12 10 12 12 15 12 12 13 16 17 21 14 12  9  7  8  9 12 12 15 10 10 12 10  9 10 11 13 13  9
  7 11  9  9 13  8  9  2  4  8 13 18 20 29 32 31 15  3 14 30 23 18  2 25 34 38 63 45 40 30 25 31 29 22 18 16 29 29 23 20 26 22 19 22 20 23 24 22 18 13 17 13  9  2 16 11 13 16 13 17 10  9  6  9 15 17 16 16 16 18 18 17 16 19 21 18 18 18 24 22 33 23 19 16 11 10 13 16 11 12  3  9 14 15 13 10 11 13 15 10
  7 10 12 13 12 13 12  8  1  4  8 12 16 21 30 28 23 15  1 20 16  1 27 21 23 27  2 28 37 37 31 53 43 32 22 18 32 30 26 22 32 28 24 25 24 28 25 21 20 15 19 18 13  8 18  2  9 17 15 21 15 16 15 16 22 22 22 21 19 22 24 24 24 22 24 24 23 22 27 28 34 30 27 21 17 16 13 17 15 11  4 11 12 13 12 10 13 15 16 12
  7  9 13 15 12 11 13  9  2  6 11 13 16 18 26 28 27 22 17 17  1  9 19  4 21 30 17 23 29 23  5 29 37 37 29 30 62 47 36 29 37 31 26 27 26 36 29 24 23 18 23 19 19 12 22 19 12 14  2 15 14 16 17 15 23 20 22 22 20 20 24 26 26 27 24 24 27 26 33 32 33 31 31 25 20 16 13 18 15  8  1  7 11 12 15 13 12 17 14 10
  5  9 10 15 14 15 16 13  7  1  8 14 16 18 26 27 27 23 20 17  7 10  5  9 19 17  2 17 30 23 17 23 29 25  3 20 41 48 37 38 57 45 31 31 31 42 35 29 24 23 27 22 23 20 28 29 19 16  7 14  3 11 15 14 23 19 23 25 22 21 23 24 29 26 27 27 30 28 32 30 32 30 30 29 26 18 17 18 17  8  1  8 11 15 14 15 17 16 15 10
  3 10 10 15 17 14 15 13  9  1  5 10 13 16 22 26 31 26 22 19 17 11  1 11  6  5 18 15  2 16 21 26 26 22 18 19 27 32  5 23 44 44 32 35 41 61 47 34 31 28 36 30 28 24 33 42 30 21 15 20 12 11  3 11 24 19 25 23 24 26 25 26 31 27 28 29 28 29 36 33 37 31 33 31 28 21 21 19 17  9  4  9 10 14 14 16 17 15 17 10
  2 10 10 16 16 15 19 17 12 10  5  7 13 15 22 28 30 29 26 23 22 16 13 13  4  7 11 14 16  6 13  3 20 22 27 20 26 30 19 16 28 26  2 24 35 39 43 35 34 37 54 38 31 27 38 52 40 32 21 26 17 17 10 10 21  5 16 20 23 24 26 27 32 27 24 29 28 29 37 35 39 35 35 33 28 22 20 20 14  2  8 15 16 19 17 16 20 22 22  4
  4  9 11 17 17 17 21 19 13 17  3  7 11 15 20 25 29 31 28 27 22 20 15 15  9 10  3 11 17 14 19  1 15  7 19  4 22 28 20 17 22 21 11 16 24  3 26 29 34 32 42 41 38 38 59 86 61 41 31 35 24 22 19 13 26 13 18 11 15 19 22 23 29 27 24 29 29 28 36 34 36 32 37 32 30 22 22 20  4  7 12 19 18 22 19 19 21 20  4  7
  6 10 14 17 19 21 22 21 16 20 14  3  8 12 19 24 28 31 28 26 23 26 21 17 13 13 10  1 11 11 16 15 18  9 14  2 12 21  6  4 31 21 19 20 22 13 19  8 24 27 37 40 44 43 61 85 51 19 34 54 30 23 18  1 23 14 16 14 15 15 18 18 23 15  4 20 25 28 38 34 38 31 34 29 29 22 23 21  2  5 10 18 19 20 22 23 24 20  1  7
  5  8 13 15 17 20 22 22 17 22 17  1  4 11 18 24 28 31 29 29 26 30 25 18 17 19 17 12 11  5 12 22 17 12 17  9 15 14  1  8 21 19 24 26 26 21 21 13 17  3 24 28 37 41 62 80 55 29 29 16 22 27 25 22 53  2 13 16 25 16 16 17 20  4  6 18 21 29 40 35 39 32 37 32 30 24 22 23  2  4 12 21 20 23 25 25 27 21  1  5
  5  9 11 17 17 20 24 25 22 29 22 12  3  9 17 20 27 28 26 27 27 34 31 23 21 17 19 18 14  8  2 21 20 14 14 14 19 18 15 12 16  2 18 19 27 26 31  7 12 12 14  3 24 36 59 82 53 35 23 17  1 13 18 20 31 18 14  5 58 31 22 17 17 22  4 13 18 24 37 33 34 31 36 29 28 24 19 21  3  8 10 20 24 26 24 22 28 22  4  4
  7  9 11 13 14 20 27 26 22 29 27 18  1  7 15 22 27 28 27 30 31 34 32 29 26 21 17 17 16 12  9 21  5 10 11 15 23 21 16 13 13 15 14  1 17 24 25 18 20 30  2  7  6  4 49 82 49 38 26 16  4 12 14 17 21 16 14 10 33  2 19 22 30 57 24 12  1 15 39 33 38 30 35 28 25 21 21 24  1  6 10 20 24 24 26 25 28 21  1  3
  8 10 14 16 14 19 25 26 25 35 31 26 12  4 10 17 26 28 25 31 34 36 36 29 30 23 18 17 18 16 14 24 12  2  6 11 27 26 22 17 19 27 22 10 12 18  4 14 15 19 12 18 30 11 51 93  6 21 16 16  3  9 11 16 16 14 12 12 20 11 16  4 21 35 33 26 19 29 61  4 32 26 38 30 25 20 20 27  2  6  8 18 21 21 24 24 25 21  4  5
  5  8 13 17 14 15 26 27 27 38 32 28  2  6 11 15 26 28 24 28 31 39 34 29 31 20  2  9 15 15 15 28 19  8  6  2 22 23 22 22 29 38 16 10 13 16 11 12  4 17 21 26 35 33 55 83 34 18  4 13  9  7  5 15 12 13 12 16 15 13 13  3 17 20 29 24 22 24 41 26 39  3 60 38 31 23 20 33 14  5  8 21 23 22 22 19 22 18  2  3
  7  7 10 15 15 17 23 24 24 41 35 26  3  8 12 19 29 31 22 25 29 41 38 33 32 23 18  2 17 16 17 33 17 10  2  7 31 31 29 35 52 77 58  1 19 15 15 11  8  3 14 25 32 37 57 80  4 16 29 14  2 14 15 11  2  7  7 16 16 14 12  9 14  1 17 17 18 22 33 28 32 14 31  3 25 26 33 61 29 15  5 24 25 20 16  2 22 17  3  6
  4  6 10 12  5 22 37 41 45 91 63 45 28 21 17 21 26 27  4 17 26 40 36 31 33 23 30 18  2 15 16 34  4 18 24 30 69 35 11 34 53 55 44  3 14 15 18 15 15 10  4 17 28 40 55 80 33 15  4 14 14 28 19 14 11  2  8 16 13  9  7  9 14  8 13  4 12 16 25 28 33 22 23 12 17  2 23 39 35 29 25 53 16 13  2  9 22 17  2  7
  3  5 11 11  3 20 44 50 56 88 75 62 43 34 24 21 29 23  4 13 23 42 36 29 34 26 41 21 21  5 16 83 37 25 22 31 54 46 62 44 45 46 35  3  9 12 16 20 18 17 14  5 22 39 57 93 35  3  6 14 14 27  3 16 27 17 13 17 10  4  9  9 13  9 12  7  7  5 21 25 38 28 22 14 11  5 18 26 25 24 16 25 13  4  7 16 22 17  3  6
  3  5 10 10  5 24 46 54 61 91 82 73 56 45 34 30 39 34 28 26 31 51 47 38 46 40 78  2 16 20  2 17 22  5 35 37 60 49 49 41 39 38 31  5 11 12 17 19 21 23 16 10  3 26 51 90 35  2  9 15  3 44 69 25  1 16 19 29 19 11 14  5 10  8  8  9  2  5 10  6 32 27 17 14  5  6 16 18 17 20 19 16  3  8 10 18 21 16  5  6
  2  5  9 12  2 19 45 54 60 81 81 73 64 46 38 31 47 47 49 45 46 82 54 33 34  1 42 27 24 28 20  2 16  3 56 42 48 44 44 39 34 30 24  1  6  9 16 18 19 24 19 16 19  3 43 87  1  8 15  5 32 64 47 20  2 12 20 19  4 15 31 15 12  2  3  8  1  4  5 15 32 18  3 11  6  1 14 16 15 14 17  5  5 10 14 22 23 17  2  5
  4  6  7 13  4 21 47 54 58 79 88 72 61 29 39 45 70 57 57 47 39 43 36  5 24 12 29 32 31 34 24 18  3 59 46 40 38 40 41 37 30 25 19  3  8 10 15 20 19 26 25 23 24 13 19 46 89 15 16  5 43 61 30  5 11 17 22 17  8  2 13 18 20 28  2  7  1  5  1 19 38 19  1  9 11 18 14  1  8  6 13  6  1  7 16 20 22 17  3  5
  3  6  7 12  2 16 46 55 56 75 83 73 65 48 44 46 58 59 61 48 36 17 25 23 30 26 36 43 41 46 36 61 19  2 15 23 26 30 32 34 31 28 20  9  5  8 14 23 23 31 33 29 28 26 31 55 88 38 28 29 68 42  5 12 19 22 23 19 13  7  1 14 18 28 19 19 31 11  1 20 34  1  8 16 13 19 17 10  6  1  7  7 10 12 19 20  1 20 24  2
  5  5  2 20 23 32 76 53 29 65 83 74 67 43 30 43 57 66 77 55 38 25 20 14 31 32 39 50 50 51 29  2 17 15 21 16 22 26 26 31 32 28 25 16 11  5 12 20 25 35 38 37 36 30 31 47 94  6 19  3 64 32  4 15 19 17 22 20 14 10  1 10 13 20 21 16  2  4 12 28 39  5 18 19 15 21 16 11  4  5 11  9 16 15 20 21  4 24  2  2
  7  9  8 15  3 21 53 58 48 66 81 71 62 26 33 45 62 71 62 50 38 23 13 17 35 38 48 55 47 37 21  3 16 19 22 19 16 21 23 27 30 27 26 18 10  3  9 14 20 29 33 30 29 26 16 56 86 37 23 41 60  2 12 22 22 16 21 19 14 14  4  9 12 18 23 17  6  1  1 17 34  4 26 24 16 20 16 11  1  6 11 13 17 16 19 21  1 20  4  4
  5 11 11 15 10  3 34 49 55 63 77 81 69 37 29 46 63 77 59 42 29 15 28 28 43 43 54 46 41 33 20  4 13 21 21 23 21 16 21 23 26 28 25 21 12  3  9 12 16 25 28 27 22 14  4 52 78 24 41 71  5 27 21 75 45 27 24 21 19 15  5  7  9 15 22 19 10  1 16  4 34 15  5 19 17 26 23 14 14 10  5 11 19 19 20 21  2 24  3  7
  4 10 12 11 10  3 23 41 58 65 78 89 71 44 29 46 61 69 47 32 15 21 43 38 62 49 50 39 39 24  4  8 16 22 21 21 26 19 17 18 20 22 23 21 13  2 10 11 16 27 26 20 14  3 24 54 84 24 49 65 21 78  4 26 16 19 21 18 17 12  1  4  8 15 22 22 15 17  4 12 34 21 13 17  4 12 19 20 29 18 11  1 14 15 20 23 24 20  2  8
  3  7  9 13 12  3 18 34 53 65 76 79 72 46 26 44 62 74 42 18 38 38 62 48 48 45 44 33 34 20  3 12 16 23 21 23 30 23 21 15 18 19 21 21 10  5 11 12 14 31 26 15 11  4 33 54 80 25 56 71 19 29 10  4 15 16 18 14 15 15  2  8 11 15 23 17  5  1  4 14 36 29 17 14 10  4 13 16 25 21 16 26 18  3 17 20 23 17  3  5
  5 10 11 14 11  2 16 33 51 59 69 77 81 49 22 42 61 64 13 35 62 47 51 47 44 43 43 29 27  5 12 19 23 25 22 25 31 24 24 19 15 18 18 16  1  7 14 22 26 54 16 19  1 20 42 51 87 30 74 21 16  4 11 24 17  1 13 13 19 16  2  9 14 16 23  5  6  1  3 16 37 30 22 15 17 12 11  1 18 19 18 25 23 16 28  3 22 14  3  4
  7  8  8 14 10  3 17 30 45 56 66 72 82 50 23 41 60 65  8 51 54 51 47 40 39 36 37 25 21  2 17 22 28 28 27 28 34 28 28 22 19 19 17 17  1 11 18 25 31 56 41 29  4 31 52 53 88 26 65 33 19  3 12 24 24 14 10  1 15 18 18  1 18 16 18  3  6  3  2  2 38 32 27 22 21 14 13  3 16 19 19 25 26 24 23 23 18  2  5  3
  7 10  8 11  9  3 16 30 47 56 65 70 87 48 32 47 65 78 43 47 48 46 46 39 34 34 33 20 21  4 20 24 32 30 26 29 36 31 30 19 19 19 19 17  5  7 16 20 15  4 59 44 16 51 74 54 85 21 65 40 19  3 10 22 23 24 15  1 12 17 17  2 18 15 18  5  6  4  1  3 37 31 26 21 24 18 12  1 10 14 19 27 31 27 22 22 16  1  6  7
  4 11 12 10 11  1 14 30 46 56 67 69 85 18 36 52 73 17 30 38 43 40 39 30 28 26 27  1 14 10 27 29 35 31 24 26 34 15 17  1 12 13 16 21 15  1 13 16  9  5 41 55 17 79 28 45 78 72 60 42 25 10  2 13 20 21 20 23 16 20 18 10 15  5 14  8  7  5  1  5 37 29 24 19 27 17 10  1  9 13 17 24 31 30 20 24 16  2  8  7
  6 11 14 10 12  4  2 20 38 50 60 60 71 85 31 54 77 16 22 28 34 38 36 25 20 23 21  3 14 14 35 38 38 36 23 24 30 13 16  7  4 10 13 16 21 72 14 14  1 34 44 70 39  3 22 19 53 88 63 40 26 11  2 11 18 22 18 17 24 24 23 15 15  4 13 11 11  7  2  3 39 31 25 20 29 19 12  4  8 13 13 22 29 30 21 22 15  4  8 10
  5 11 11  9 10  2 15 22 36 44 53 49 54 76 24 50 73 17 20 25 26 29 28  2 14 26 35 28 34 39 83 58 44 33  4 13 24 19 15 10  8  1 10 22 15 20 72 27 48 82 19 46 56  2 22  1 54 89 61 35 17  3  8 14 16 17 13  3 24 22 22 17 18  4 15 11 12  7  1  2 33 26 18  2 33 33 36 72 31 13  3 20 26 28 22 24 14  4  7  9
  5  7  9 10  4  9 24 26 40 45 53 19 56 86 30 49 75  3 19 22 21 26 26 10  1 18 37 38 46 51 83 65 46 31  1  8 20 20 14 12 12  1  7 24 15 17 18  5 78 55 16 30 44 55  9 21 63 86 53 27  2  9 13 18 19 17 11  2 19 27 26 21 22 16 19  2  9  9 14  2 38 18  2 20 66 42 34 36 30  5 11 20 28 29 24 24 13  4  8 10
  5  5  6  5 20 19 35 37 53 41 34 15 46 74 78 27 76  1 17 21 21 23 21 13  5 18 36 45 56 61 84 67 49 32  2  9 23 23 21 13 13  8  2 34 51 40 83 20  3 33 71  1 22 49  9 29 69 80 40  5 12 20 16 13 15 15 11  2 17 25 29 24 21 21 24  4  5  9 22  2 33  4 76 41 50 34 29  9 25 23 25 32 42 23 21 22  5  6  6  8
  6  8  3 14 35 35 58 40 44 33 24 29 51 75 91 32 74  2 16 20 20 21 21 14  3 19 35 48 59 63 75 66 53 32  1  5 21 24 29 15 10  1 16 49 78  5 42 15 19  3 29 20 80 14 48  9 71 81  4 19 17 24 18 12 15 16  3  5 20 31 35 28 19 24 28 15  5  9 24  2 68 29 49 40 35  3 21 21 25 29 31 39  4 20 20 18  3  4  6  7
  4  4 15 27 51 39 32 31 33 17 29 36 51 69 84 24 64  1 17 19 19 19 18 12  3 15 32 44 59 66 75 75 59 37 17  4 19 22 33 30 13  5 27 68 45  2 22 21 17 21 20 16  3 26 72 68 54 79 16 24 18 25 19  3 16 21 22 21 34 46 34 22  1 21 35 22  5 22 65  2 38 29 35 35 29  4 18 22 29 35 37 38  2 24 22 18  1  6  8  7
  5 12 18 24 34 30  1 14 31 29 34 44 56 70 88 26 64  2 17 18 16 18 16 14  1 16 33 47 61 70 76 86 66 41 24  3 23 23 36 42 13 76 43 45 25  3 16 20 21 19 21 13  2 20 59 70 51 81 53 48 33 33 25 14 21 25 33 33 45 47 37 21 10 28 49 43 73  2 25  1 39 31 29 28 25  2 13 23 32 34 37 37 23 22 23 20  1  6  8 10
  6 13 20 24 30 27 11  2 20 29 36 46 55 68 80 79  2  5 17 18 16 18 16 13  1 13 33 43 60 66 74 77 72 50 37 30 44 39 63 83  3 14 20 26  5  9 15 23 21  1 16  1 19  1 63 18 51 85 53 58 37 40 24  1 15 25 34 36 49 44 37  8 36 42 72 33  5  8 23  5 33 27 24 23 22  3 12 24 32 39 39  3 20 23 21 22  3  7  6  7
  3 13 21 20 25 25 19  2 19 27 35 46 55 64 77 80  4  8 17 16 17 16 13 10  3 11 31 43 60 70 78 90 77 50 35 38 59 54 80 41  2 13 13 10  1  9 19 19 19  4 15 15  1 20 63  8 53 87 57 84 52 51 32 25 14 25 36 38 50 41 45  5 65 44 52  5  9 13 20 24 35 24 23 19 19  2 14 25 31 39 40  2 21 21 24 19  2  6  8  6
  6 15 21 21 26 25 22  5 18 31 40 49 55 63 78 88  3  8 19 19 18 15 15 11  8  2 26 41 57 64 78 85 85 51 31 44 77 49 36  1  5 13 13  1 40  3 22 16 18  2 13 18 15  3 68  7 47 90 60 20 46 80 51 48 36 29 43 45 63 48 78 47 48 42 44  7 12 17 23 27 37 24 23 20 18  3 14 26 32 39 39 21 23 22 24 20  5  7  8  9
  3 18 23 23 28 24 22  4 16 27 36 45 55 59 71 72 88  2 16 18 17 18 16 11 11  2 24 38 54 64 75 81 88 29 71 49 50 31  5  7 11 13 15 14  3 41 34 20 20  7 16 26 40 73  3 21 52 90 62 38 18 50 51 74 48 25 48 56 76 11 45 46 43 40 40  5 11 18 25 30 32  5 23 20 18  1 13 28 36 41  2 20 20 25 24 21  4  9  7 10
  5 17 26 22 29 25 26  5 16 25 36 44 51 55 68 68 86  1 14 17 15 18 14 12 12  5 27 40 56 63 74 78 84 72 66 50 40 21  3  7 13 18 18 14 22  4 35 24 20  2 18 28 47 69 11 26 53 23 93 53 38 29 15 54 65 78 66 47  4 16 33 42 40 35 36  3 12 18 25 34 37  2  1 22 20  8  5 25 33 35  1 23 20 22 23 21  1  7  7  8
  2 19 31 23 30 23 26  2 14 24 35 42 49 57 67 72 77  5 13 19 15 17 14 13 10  4 27 38 55 57 70 70 73 72 63 43 28  5  6 13 18 20 21 19 14 12  3 21 37 21  4 23 53 71 16  3 48 19 77 61 42 14 26 53 68 23 79 53 39 11 23 32 43 36 39 15  5 17 24 34 35  2  4 19 22  9  3 21 33 36 20  4 20 23 27 26  3  6  9 10
  2 24 33 27 30 22 29  5 18 25 35 41 47 56 66 67 81  3 11 18 16 18 15 10  1 18 39 42 58 60 72 27 65 83 66 44 22  1 10 16 19 20 20  5 15 12  2 15 28 37  1 25 62  1 14 16 49 17 85 58 54 78 14 44 50 28 13 49 77 28 12 26 47 38 40 19  3 16 22 31 33  1  5 14 14  1  9 23 36 42 21  5 21 26 26 26  4  5  9  9
  2 68 60 41 38 29 34 20 27 30 39 45 51 59 72 29 63 86  1 17 14 12 11  1 13 33 54 51 68 44 21 36 61 74 63 41 17  1  9 17 23 21 15  5 13 13 10  3 17 22 35  4 73 29 13 34 53 17 81 73 15 58 50 45 40 30 10 39 54 44 71  8 49 46 45 23  4 15 19 30 36  1  3 11  1  6 15 28 42  3 20  1 22 27 30 31  2  5 10  7
  4 39 72 48 51 36 39 29 20 30 38 44 48 59 69 25 52 82  5 17 15 10  2 24 34 57 81 56 49 28 31 40 58 75 60 31  4 10 13 19 22 17 10  4 11 19 15  9  9  1 34 46 64 42 20 48 50 77 79 63  8 54 51 47 40 32 18 33 40 42 58 42 83 43 49 23  2 12 19 29 36  2  3  9  1 11 19 32 36 20  1  8 22 29 33 32  1  5  7  6
  7  3 34 44 64 46 51 35 31 17 29 37 46 55 71 24 44 77  4 19 15 12  3 42 48 72 65 52 40 24 34 44 61 76 61 31  4 16 19 22 21 13  2 11 14 24 15 10  3 15 43 72  7 42  9 76 11 46 86 63  7 32 52 50 39 35 25 28 17 31 43 47 65 59 83 38 31  8 16 29 34  1  2  8  5  5 20 36 36 21 13  9  5 35 51 62 19  5  5  6
  5  7  3 26 45 52 76 52 45 27 22 32 40 54 68 39 24 60 81 17 12  3 29 78 61 61 54 44 29 34 38 46 59 69 81 30  5 18 19 20 21 16  5 17 16 24 19 14  8  2 42 64 15 66  3 40  5 55 80 16 59  5 33 51 38 34 28 24  3 17 27 35 50 51 45  8 71 22  2 25 34  4  2  8  4 15 25 40  4 21 14  1 35 58 61 49 24  3  8  8
  7  9  6  5 24 35 55 57 67 41 41 17 33 48 67 42 23 53 79 18  2 69 49 62 61 53 40 24 31 37 40 49 58 63 79  1 13 22 20 22 20 16  5 18 17 27 18 14 11  4 44 66 23  8 15 37 50 46 90 26 62  9 29 57 18 23 22 20 12  4 14 23 34 42 43 40 43  3 12 23 36  5  1  5  1 16 28 40  5 24  5 33 64 16 69 47 21  3  7  9
  6 11  9  8  5 22 36 52 65 56 71 35 18 38 65 41 23 50 82 16 72 68 61 61 59 48 31 30 35 41 46 51 59 64 88  5 22 21 22 24 20 13  3 20 19 28 19 34 14 68 60 38  3 22 22 41  5 50 78 19 61 15  4 29 53 19 23 19 16  7  2 17 25 33 39 47 36  5 14 23 34  3  2  3  2 20 33 38 22  1 29 53  7 62 54 35  3  7 10  8
  5  8 10 12  7  5 16 39 58 56 66 57 69 18 68 42 30 55 92 19 32 44 53 51 51 33  1 17 32 41 49 53 58 63 84 22 26 23 21 24 22  5 15 32 31 48 38 78 13  2 65  5 18 46 19  4 20 53 90 42 55  4 15  2 27 52 21 18 17 13  4 14 22 27 35 43 32  3 12 25 32  1  2  2  2 19 35 40 21  3 53  9 32 65 50 28  3  7  7  6
  7 10  9 11 11  9  2 25 46 53 63 64 65 59 76 27 79 32 73 85 17 31 43 43 47 30 14  3 20 33 41 43 41 36 21 80 56 39 29 25 22 29 31 47 39 65 32  5 17 15 66 42 27 20  3 12 26 54 80 16 52  3 20 15  1 48  4 19 18 14  8  2 16 22 29 40 45 23  5 21 39  2  9  2  4 24 37  4 20 54 33 13 47 73 52 28  2  6  9  7
  6 11 10 12 11  6  1 20 39 50 61 67 62 70 24 78 67 28 65 90 17 26 38 35 40 23  5  9 17 24 31 35 29 19  5 82 66 47 34 26 30 47 46 71 35 40  4 13 25 14 45 32 21  1  9 21 33 51 14 78 16 54 39  4 17  3 50  5 18 14 15 10  5 17 25 32 43 31  1 21 33  3 14  1  2 26 39 23 55 35  9 34 63 59 46 23  1  3  6  6
  7  8 10  9  9  9  2 19 41 50 63 71 60 72 35 19 43 41 66 81 18 22 35 32 39 22  4 11 19 25 26 29 21  2 34 76 68 44 23 46 42 70 51 33  5 32 22 32 41  1 13 18 15  1 11 21 35 53 17 81 18 55  1 40  3 17  2 49  5 10 19 17  9  2 18 27 35 46  2 17 34  4 14  2  4 27 36 63 43 17 28 52 72 56 42 18  1  5  9  8
  6  7  8  7  7  2 20 29 46 53 68 70 24 78 51 35 34 46 65 78 91 54 52 37 38  5  5  9 16 21 25 19 22  2 45 86 70 27 37 69 44 53 42  6 18 32 32 43 27  4 11 13 13  6  5 20 36 47 13 79 17 56  3 25 41 17  1 30 52  4 11 19 16 11  4 18 31 47  4 16 33  4 18  2  2 38 55 24 20  2 36 67 60 48 32  1  2  6 10  8
  4  8  7  9  4 20 35 38 56 56 72 23 41 75 55 39 29 44 63 73 84 30 77 50 48 19  2 11 15 19 19 14 26  2 44 61 85 53 39 41 16 40 44 28 38 47 34 26  5  5 13 13 14 10  2 17 35 47 16 86 22 58 28  3 18 22 38  2 53 28  2 11 19 16 10  1 23 38 47  2 35  5 21  1  3 65 20 16  2 20 45 67 54 43 26  1  2  7  7  9
  4  6  6  3 14 37 56 50 75 46 22 34 54 70 55 39 26 44 62 71 83 53 28 45 73 33  5 11 18 21 12  3 41 36 75 27 79 66 43 32 13 33 45 35 48 40 32 18  1  8 15 17 15 10  5 19 33 48 15 82 21 60 42 18  5 15 30 38  4 54 29  4 15 18 13  4 18 29 46  1 39  4 35 53  2 38 24 14  5 29 53 70 56 43 26  5  4  7  8  7
  2  4  3 28 30 54 76 52 57 27 34 46 65 78 60 43 29 41 63 68 80 70 46 27 42 48 75  5 21 19  3 20 74 44 31 45 89 70 40 19 19 37 49 31 35 30 21  4  3  7 15 18 13 14  2 16 31 52 21 90 24 48 58 33 16  3 15 23 15 39 50 15  2 15 20 14  2 16 34 42 39  1 63  1 39  1 22 13  1 39 70 65 54 39 24  3  7  8  8 10
  3  6  3 41 43 72 68 49 47 24 38 52 67 76 55 38  2 22 42 46 16 91 61 25  5 26 39 19 72 22 72 42 59 29 41 53 87 66 18 24 26 50 33  1 17 13 18  8  7  2 13 18 18 14  6  1 27 54 16 79 17 40 55 41 21  4 12 19 19 17 53  4 12  3 15 20 14  4 26 48 34 64  1 23 39 23 36  1 20 46 60 59 52 38 20  5  7  8  7 10
  2  3 40 81 57 52 54 28 43 39 46 60 76 70 52 33  1 14 31 35 16 77 57  3 18 22 20  3 76 20 64 48 54 25 38 53 79 86 45 23  1 24 25 13 15  1 12  8  8  2 10 16 22 14 10  2 23 46 17 88 24 42 61 45 28 15  5 15 19 20 16 57 33  4 12 16 19 11  2 41 56 37  4 38 37 21 86 31 30 56 74 61 50 34 16  4  7  9  7  7
  3 23 71 70 55 36 40 17 37 41 52 62 64 63 49 38 26 28 44 46 51 88 61  4 30 20 80 34 50 27 49 53 74 40 27 45 74 80 57 21  4 16 18 13 15  8 12 11  5  7  9 13 22 18 13  1 21 56 24 92 25 38 58 50 33 19  4 12 16 20 25 17 49 23  1 10 22 19  5 53 43  9 24 76 39 23 35  1 38 62 65 58 47 29  4  7  6 10  7  5
  2 12 44 52 40  1 28 27 35 42 55 63 66 59 46 32  4 18 36 36 43 16 81 25 69 41 58 39 41 23 35 50 64 54 78 29 69 81 54  1  8 13 13 16 15 13 11 11  1 11 11 12 20 20 19 14  3 35 56 88 24 38 60 54 43 25 15  7 14 22 37 35 54 42 26  8 33 47 63 20 72 46  4 36 21  2 13  4 43 67 62 51 40 25  5  7  8  8 10  7
  4  8 26 38 30  5 25 31 38 43 58 68 71 61 42 31  4 12 33 28 41 17 67 19 46 39 44 37 30  2 19 40 57 56 71 52 77 77 56  3 12 14 16 19 19 15 14 10  1 12 14 17 22 22 22 13  3 22 47 83 49 19 49 56 46 31 22 12  4 17 36 44 59 53 39  9 41 65 74  5 37 45  3 40 20  2  4 30 60 62 58 49 37 20  4  5  6  9 12 11
  5  9 17 29 23  4 21 30 41 45 61 72 75 64 45 31 20 22 49 37 65 18 21 23 35 36 37 32 27  9  4 27 48 57 67 63 71 76 88  4 13 15 15 20 18 18 14  8  2 10 12 18 24 23 24 20 15  4 51 83 60 19 41 55 47 32 25 16  6 16 40 46 59 47 57 81 57 35  2 11 34  2 44 38 22  2  2 44 74 63 58 46 34 17  4  5  6  9 13 12
  7  8 13 20 20  2 18 33 44 50 61 74 78 64 39 29 45 43 80  1 28 19 19 21 27 30 30 25 22  1  7 22 39 52 59 59 65 69 74  2 13 16 15 21 18 18 16 10  3 11 11 17 26 24 26 23 15  1 51 20 89 25 43 61 52 38 27 20 21 27 54 58 79 19 59 64 39  4 12 16 34  2 36 21  1  1  4 49 72 62 57 45 33 19  4  7  9 12 15 10
  6 10 11 17 16  1 17 33 41 51 61 71 66 57 18 40 70 40  5 15 20 17 18 21 26 26 26 22 16  5 13 22 36 46 56 59 59 64 79 15 18 22 19 21 18 19 16  7  1 14 12 16 28 26 27 26 18 14 46 15 85 23 39 62 55 36 21 43 40 41 80 56 18 30 56 53 16 11  3 20 39  2 37 22  5  7  2 72 69 62 53 39 28  5  5  9  8 13 13  9
  3  9 10 12 11  4 16 31 40 52 60 70 75 65 29 28  2 23 18 22  1 16 20 21 22 24 24 19 11  2 14 24 36 46 54 60 57 60 89 65 42 32 23 21 21 17 16  1  7 16 14 15 25 27 29 24 22 13 48 17 86 21 35 57 50 14 35 72 39 16 55 58 60 27  6 41 53 16  4 15 32  2 41 23 10  4 31 61 61 55 48 37 24  3  5  9 12 13 15 12
  4  7  8 10 12  2 18 30 41 51 64 78 57 39  3 19 13 20 19  4  8 18 20 19 20 19 22 16 10  4 11 21 27 36 39 43 34 13  1 86 66 50 38 31 26 23 23 14 20 27 26 24 32 34 41 33 32 39 54 15 76 40 19 46 63 78 42 54 21 34 53 64 46 11 17 42 58  2 15  4 33  3 38 20  3 21 48 62 57 52 47 34 22  1  6 10 12 14 14 10
  2  5 10 13 10  3 16 30 42 51 62 67 48 24  3 18 17 19 14  4 10 18 20 21 20 17 18 12  3  4 10 17 23 28 28 31 13  2 27 83 76 62 47 39 33 28 24 19 17 31 29 31 38 36 46 41 38 52 51 13 91 32 73 52 45 56 14 42 43 49 56 47 35  6 21 37 56 57  4 14 32 41 22 14  1 36 68 63 56 48 44 35 20  3  5  8 12 13 14 10
  3  7  8 11 10  4 19 31 44 52 65 74 39  1  8 18 22 14  2  7 14 17 20 19 22 18 16 11  5  9 11 18 22 23 26 23 14  1 42 88 78 67 55 48 40 32 28 24 21 34 33 32 44 40 51 43 38 57 54 80 78 46 53 41 20 43 38 48 55 63 56 40 27 10 21 33 49 58 57  5 35 39 24 14  1 45 63 62 53 47 40 31 14  5  9 12 13 13 15  9
  4  5 10 11  9  3 20 30 43 54 66 73 30  3 17 22 20 12  5 11 13 16 17 21 23 19 14 10  1  7 13 18 22 22 20 15 11  2 44 80 77 74 61 51 45 37 32 29 30 44 42 42 54 47 59 50 45 80 53 21 90 56 50 36 24 44 47 54 59 58 51 34 23  6 19 30 43 56 53  2 39 42 21  5 29 69 64 62 54 43 38 27  2  6  7 10 12 15 13  9
  5  7 10 12  9  4 19 31 43 53 64 67  2 14 20 19 17 11  5 10 13 18 18 19 21 19 15  9  1  5 11 15 20 22 15 16 10  4 39 66 78 75 63 55 44 39 32 26 31 50 46 48 62 52 74 38 14 58 55 20 86 53 40 24 35 51 56 63 55 54 48 31 19  5 19 30 38 48 52 48 40 24 18  5 43 71 63 62 54 45 34 26  5  6  9 13 14 17 15 10
  5  6 11 11  7  3 16 28 41 49 62 64  3 21 18 20 16  2  7 10 13 20 18 21 21 19 14  1  4  7 12 15 17 13 13 12  1 12 40 64 79 76 63 54 43 40 31 36 38 56 53 58 84 50 54 16 25 49 48 12 77 13 23  1 33 51 60 56 50 46 43 30 19  5 16 29 35 46 48 49 50 22 13  4 47 73 66 62 53 42 34 25  5  7  8 14 16 16 12 11
  6  8 10 12  6  1 14 27 38 48 68 73 22 22 20 19 10  1  7 11 13 17 16 19 19 18 11  3  6  8 15 15 14 15 11  6  1 17 44 59 79 72 56 46 29 43 53 51 52 79 57 44 42 17 42 34 37 47 55 22 89 15 14  2 42 63 56 50 47 45 41 20  8 11 18 28 36 45 50 52 54 21  4 24 71 71 67 60 54 41 30 20  2  8 10 11 14 16 15  9
  3  6 12 14  4  8 19 31 45 52 78 21 23 20 17 18  3  5  8 11 13 19 16 18 16 14  1  7  8 12 16 15 13 13  8  2 12 24 48 59 86 71 50 32 53 54 79 58 51 54 47 32 13 21 38 40 43 47 48 20 93  3 14  4 63 59 52 45 40 35 31  1 10 14 21 29 37 44 46 39 33 58  9 26 61 65 65 58 53 40 30 19  1  8  9 13 16 17 14  8
  2  4  9 14  5 13 25 35 49 48 72 41 31 22 18 17  1  7 11 12 15 18 16 16 18 10  3  7 11 15 16 13 13 12 11  7  5 25 48 57 72 78 28 46 79 65 69 59 52 38 33 17 22 26 37 45 48 51 55 17 64 79 13 60 51 49 45 39 38 31 28  4 11 15 24 29 37 41 44 39 36  4 48  7 67 65 64 56 48 39 32 15  2  9  8 10 16 18 17 12
  4  5 10 13  2 10 21 29 39 21 71 52 36 28 19 14  4  8 10 12 18 22 18 17 18 12  1  8 14 17 15 17 13 12  8  2 12 28 54 54 68 81 57 50 61 61 59 51 42 14 21 21 28 30 39 45 49 50 48 18 57 89  1 14 26 33 34 33 31 26 22  1  8 15 22 29 33 39 42 36 38  2 49 72 64 60 57 53 46 37 29  4  6  7  9 12 16 19 15 11
  6  8 12 12  3 14 25 32 40 38 70 54 40 33 23 14  4 10 10 15 19 23 19 18 14  2  4  8 16 13 13 17 13  2 13 18 26 39 75 31 62 87 74 61 58 59 56 50 40 25 17 20 27 34 39 47 48 53 55 48 53 84  2 11 15 23 25 30 26 23 20  4 11 16 22 28 32 39 39 41 35  2 48 70 65 57 55 50 42 30 25  1  3  8  9 10 14 18 16 14
  5 10 10 13  4 16 29 37 42 45 68 52 37 32 26 15  2  9  9 15 17 22 17 19 15  4  7 11 13 13 13 14 15  6  1 19 31 38 58 49 60 86 81 66 60 55 51 46 41 29 19 24 29 36 44 46 48 55 58 53 18 83  2  7 13 18 20 26 26 22 19  3  8 15 24 31 36 41 36  1 39  5 61  8 55 53 51 46 41 32 25  8  2  8  9 10 11 16 13 12
  7  9  9 10  4 15 30 38 43 49 66 49 36 33 26 18  4  9  8 12 16 22 21 16 16  4 13 14 14 16 16 13 13  8  1 19 29 40 49 52 56 66 85 73 64 57 51 47 43 33 24 26 34 41 45 48 52 56 64 49 15 81 26  3 12 13 16 21 23 20 17  4  9 14 22 29 34 42 41 17  4 33 67  8 50 49 50 48 43 34 25 11  4  8  9 11 13 16 12 10
  7  7  7  7  1 16 30 38 44 50 71 54 37 31 27 23 12  8  1  9 13 19 19 19 18 14 14 15 18 18 20 17 14 11  7 14 20 29 36 36 33 28  4 41 51 57 54 49 47 40 38 34 41 48 48 53 55 53  2 52 19 87 42  1 11 14 18 18 19 17 14  4 12 15 21 30 33 42 36 19  1 44 64 10 39 56 51 50 43 31 23 16  4  5  9 13 11 16 10  9
  8  7 10 10  2 16 29 38 43 52 64 47 30 30 25 21 16  9  4  7 12 15 20 21 18 19 15 18 20 20 19 19 20 17 13 15 17 20 26 22 16  3  7 24 40 51 54 53 49 47 44 42 44 51 52 53 53  3 14 48 21 94 48  3  8 14 13 18 17 18 15  2 11 16 23 32 36 41 27  7 29 73 49 12 29 47 52 48 40 27 22 19 11  4 10 15 14 13 11 10
  7 10 11 12 10 14 20 28 35 40 38 24  3 17 24 25 22 19 13 11 15 18 19 20 20 15 17 18 19 21 23 22 20 21 19 20 18 18 18 12  3  5 10 21 30 44 49 51 50 48 48 46 47 54 58 55 30  5 25 55 20 85 50  2  8 15 15 16 14 14 16  4 12 17 23 30 36 36 19  4 44 72 48 23 11 38 40 51 40 25 23 17 10  3  8 12 11 14 12 10
  6  8 11 13 14 14 19 23 27 27 21  4  4 12 17 20 20 19 16 14 16 18 18 16 13 18 19 21 20 23 22 22 21 23 22 22 20 15 14  5  5  6 10 20 27 37 45 47 50 50 50 49 51 59 57 39  6 14 32 56 22 89 61 21  2 10 13 15 13 13 15  8  3 14 26 30 39 40 20  3 46 67 48 29 21 28 24 30 29  2 12 12  8  8  9 12 12 14  1  5
  5  9 13 13 13 17 20 22 20 19 12  1  4 12 14 18 22 22 21 20 21 21 17 13 17 19 20 21 19 20 23 22 23 23 23 20 15 12  5  7  8 13 15 22 30 35 43 49 51 52 56 54 60 64 46 27  8 22 37 53 15 77 64 30  5  9 11 12 14 15 14  9  1 11 22 28 37 35  2 33 70 61 45 27 22 24  5 12 21 10 10  7  1  6  7 11  5  9  4  7
  5 10 15 15 13 18 17 21 19 16  4  5  4 10 15 17 21 22 22 22 22 21 14 17 19 19 22 23 24 24 23 23 25 24 25 21 15  5 10 11 11 15 20 23 30 34 40 46 48 49 57 55 59 52 31  7 13 27 38 56 22 88 69 36  1  7  9 11 15 13 15  9  5 12 22 30 39 23  2 41 65 52 28  1 15 19  8  1 10 10 10  5  5  1  7 11 10 11  8  9
  7  8 13 15 14 16 16 16 14 13  1  6  5  9 14 16 21 21 24 23 22 18 15 18 21 20 23 25 26 26 22 24 25 23 21 19  4  8 12 11 12 17 20 24 28 35 41 43 47 52 56 50 48 40  1  9 19 29 35 46 13 65 80 48 15  1  7 11 15 13 13 11  1 11 23 34 42  1 18 60  5 25  1  3  9 17 12  8  9  9  8  1  7  7  7  9 13 13 10 11
  4  9 11 12 12 15 16 18 16  9  3  5  7 12 15 18 23 25 24 21 18 15 16 20 21 22 21 21 24 22 22 21 24 24 21 20 11 12 10  8  4 11 16 21 25 31 36 38 43 49 53 50 51 48 27 20 24 30 39 55 17 56 80 53 21  3  8 11 15 14 15 11  3 13 25 32 38  2  1 72 36 29 16 10 10 15 15 12  8  2  7  6 10  9 11 12 14 15 10  9
  6  9 12 12 13 14 14 14 10  2  3  7 11 14 14 17 21 21 20 17 14 16 16 21 24 24 24 25 24 24 24 25 23 23 23 23 15 10  7  1  7 11 15 19 21 29 31 35 39 42 46 47 50 49 40 30 28 31 37 49 16 49 83 63 31 10  1  9  9 17 14  5  2  3 25 35 21  1 35 67 47 35 23 16 13 14 13 14 10  5  8  7 12 13 14 15 17 13 10  7
  4 10 12 13 13 12 11 11  8  3  6  7 11 16 14 19 18 22 19 13 17 19 21 21 24 26 26 25 25 22 25 26 25 21 21 21 15 11  8  4  6 13 15 17 20 28 32 33 37 39 45 45 45 46 45 39 34 32 34 52 16 45 81 54  5  7  6  1  2 16 14 11  3 12 30 38  2 27 67 61 52 39 28 23 19 17 14 15 11  2  8  8 11 13 15 16 18 14 10  7
  5 10 12 12 13 10 11  8  1  6  8  7 11 16 16 19 20 21 15 14 18 18 20 23 25 28 27 25 24 19 22 23 25 20 20 17 16 12  4  8 12 17 18 22 21 26 30 34 37 37 42 46 47 48 48 44 39 31 30 53 23 49 93 67 29 14  4  4  5 16 16 15 12  1 28 40  5 42 71 64 55 44 34 28 23 18 15 14  9  3  7  7  9 10 13 14 15 13  9  7
  5  7 13 13 15 13 11 12  4  7 10  9 13 17 19 17 21 20 14 13 15 15 17 20 21 24 25 23 21 15 17 19 19 19 20 15 12  3  7 10 12 16 19 22 24 23 26 30 32 35 35 36 38 37 37 32 27  2  3 46 11 42 77 68 40 20 11  1  7 16 16 18 14  2 40 31  5 46 70 63 56 43 37 30 26 23 16 14 10  5  6  7  7 12 11 13 13 14 13  7
  4  9 13 14 16 17 15 17 13 14 12 14 13 14 16 17 20 20 19 15 13 16 15 16 17 20 19 18 15  1  9 13 16 18 21 18 17 13 10 14 15 15 19 21 25 25 24 27 32 32 32 33 38 35 35 37 34 24 24 51 20 43 90 79 57 39 24 15 17 28 24 23 23 20 37 37 39 67 64 58 54 44 39 33 26 20 16 15  3  8 10  8 10 13 14 12 12 14 12 10
  5 10 11 12 16 16 18 16 17 16 16 14 16 14 18 19 21 18 19 18 18 17 16 14 14 14 14 15 12  1  8 14 14 19 23 21 20 16 17 16 18 20 18 20 21 23 24 27 32 32 31 32 33 33 34 38 37 32 33 45 54 16 78 76 62 47 33 23 19 25 27 30 31 29 39 44 56 72 63 53 47 36 32 29 23 17 17 12  1  7 12  9 11 14 12 12 13 12 11  7
  3  6 11 13 17 18 17 16 15 15 15 15 17 16 18 16 18 20 20 19 20 19 15 15 15 14 14 12  9  6  2  8 15 18 20 20 20 19 20 18 20 23 21 24 24 23 27 27 28 30 31 34 32 36 34 38 41 41 41 46 53 42 84 80 64 49 39 27 23 26 31 33 36 36 43 48 69 64 57 50 43 31 31 29 25 19 14 12  5  7  9  8 10 13 11 11 13 12  9  5
  5  6 11 13 15 14 14 13 15 13 12 13 17 16 16 15 15 19 21 17 17 19 16 17 17 14 13 13 11  9  5  8 13 16 18 22 20 20 23 23 20 21 23 23 24 26 26 28 28 30 31 30 33 37 37 36 38 42 43 46 49 51 85 83 68 54 42 34 26 25 25 28 31 29 33 33 44 45 41 34 27  4 16 20 21 17 16 14  9 10 10 11 13 11 13 10 13 10  9  6
  2  3  9  9 11 11 13 12 15 14 15 14 14 16 14 12 11 13 16 14 16 14 15 15 15 13 10 11  8  7  3  5 12 15 18 21 19 17 21 19 20 19 22 22 21 25 24 23 27 30 29 29 31 34 35 34 36 36 37 41 46 50 84 87 68 51 38 29 23 19 17 17 22 21 22 23 28 28 27 23 15  1  8 15 16 15 17 14 13 12 12 13 13 13 13 10 11 10 10  6
  3  2  5  8  9  9 10 12 13 11  9 10 11 12 10 12 11 11 10 11 13 13 14 10  8 10  7 10  7  8  3  2  5  9 11 16 14 14 13 13 14 16 16 19 19 17 18 18 18 21 22 25 24 27 27 28 30 29 31 34 40 42 54 91 61 45 34 23 18 14 15 15 14 15 16 15 16 17 14 11  8  3  7  8 10  9 10 13 12 11 11  9 11 10  9  7  7 10 10  8
