5 100
85 41
65 12
85 8
43 86
78 2
  1  5  6  7  7  6  4  2  3  2  6  5  7  5  4  6  5  5  4 10  8 10 10  8  5  5  5  9  8  9  4  8  3  6 10 13 14 14 10 20 15 10  9 10  8  5  7  9  9  6  5  9  8  7  9 10  8  8  9  8 12 17 18 20 21 24 65 45 29 16 16 17 18 25 18 10 13  9  8  4  7  3  4  5  4 13  7  8  6  6  7  6  9 16 10 10 27 14  2  5
  5  7  8  7  8 10  6  8  6  8  5  6  7 10 11 12 11 11 11 17 14 20 14 11  1  4  8 12 12 10  7  9  9  4 16 22 28 30 26 42 32 22 14 10 10  2  7 12 12 11 12 21 19 16 14 15 10  6  1  7 17 26 27 30 33 34 62 54 40  7 23 34 43 52 33 17 26 19 12  3 13 14 14 16 16 30 18 11  8  4  9 15 19 32 15 12  1  9  8  7
  3  8  9  7 10 10 10  9  7  1  5 10 13 15 15 18 18 16 18 27  2 12 20 16  2  4 11 13 15 11 10 10  3 13 22 32 39 41 29 33 35 24 18 10  5  7  9 19 16 16 16 20 22 17 19 17 13  7  6  1 15 30 36 39 40 37 54 67 50 12 31 45 58  2 26  2 47 30 19 13 13 16  3 14 16 28 24 18 18 31 18 15 13 21  1  9  8 10  7  7
  2  9 10  8 11 13 11 13  8  3  7 10 12 18 20 19 22 23 25 29 17  3 10 17  9  1  8  9 12 12 12 11  2 20 31 38 42 41 31 29 32 26 21 11  1  6 11 21 18 17 19 19 20 21 24 19 13  4 10  8 19 35 35 30 27  5 37 59 68 12 37 56 54 28 27 11 31 26  2 13 18 24 18 21 24 32 26 20 17 23 13 12  2 14 11 13 10 14 11  9
  2  9 11 13 10 11 10 12 10  1  3 10 14 17 20 20 24 25 28 32 31 18  2 18 17 11  4  6  9 12 14 16  2 25 36 40 35 35 26 24 31 24 22  3  5  8 14 27 25 17 19 20 26 22 25 19  1  9 14 17 28 55 40 31 26 14 33 55 67 73 48 40 43 26 24  2 21 25 17 19 27 31 29 28 26 23 19 19 13 19  2  8  5 10 12 12 10 14  9  9
  1  9 10 14 11 11 12 15 11  4  1  6 10 14 21 23 23 25 28 33 30 28  1 34  2 17 14  1  4 13 12 16  3 30 44 35 25 25  3 15 31 28 27 11  2 12 10 27 20  2  8 15 19 18 48 33 18 14 15 17 21  7 28 34 31 32 33 52 60 67 53 31 33  2 19 20 27 28 23 23 26 29 31 30 25 19 14 13  4 15 12  9 10 13 15 14 12 17 13  9
  5 10 10 15 14 15 15 14 13  8  4  9 11 13 20 23 20 25 27 33 32 27 31  3 28  2 20 14  1 11 22 30  2 46 39 33 21 22  9  1 24 26 24 14  8 11 10 51 29 11  1  9 17 18 28 29 20 16 16 16 20  3 22 27 31 35 31 44 54 48 72  2 34 33 29 27 28 30 26 24 26 30 33 28 20 13  3 10 11 12 15 11 10 12 14 14 15 18 13 12
  4  9 12 17 14 14 13 15 11  1  7 11 13 14 17 20 17 26 29 33 26  3 20 28  5 18 34 20 14  4 25 38 48 41 33 25  1 19 25 25 55 30 21  5  9 14 11 22 22 16  3  8 17 20 21 22 20 18 17 12 15  2 19 25 25 31 29 45 48 29  4 72 58 50 41 36 35 34 26 24 28 29 35 30 17  2  6  9 12 12 13 13 13 14 15 13 17 23 13 13
  3  9 10 15  5 14 18 22 19 30 16 12 11 12 16 16  2 18 25 31 29 16 20 27 27 20  3 15 32  2 27 47  5 46 32 27 14 19 22 22  4 16 17 16 15 16 16 11 13 15  5 11 14 24 21 20 19 20 11  2 15 19 24 26 25 30  1 41 55 29 10 55 65 58 49 46 43 42 29 24 29 31 32 29  3  7 13 15 17 15 18 19 19 19 23 22 27 41  1  8
  4 11 14 16 11 11 18 20 19 17 18 12  4  9 14 15 11 16 25 36 36 29 24 30 29 32 52  2 22 41 34 21  2 16 12 17 18 18 21 17  4  8 11 16 16 17 14 10 11 13  7  1  9 20 18 19 15 17  3  9 23 31 26 18  4 32 38 56 45 14 26 53 73 64 47 46 43 38  4 17 31 37 41 38 36 24 19 14 19 16 15 12  2 13 21 20 25 30 13  7
  2  9 14 14 13 12 14 19 15  5 17 17 28 19 21 19 21 27 32 49 35 25  1 20 29 32 28 17  2 23 18  3 32  1 13 12 14 16 17 18 12  1  7 14 17 19 14 10 10 17 11  4 10 23 17 19  5 28 14 12 21  5 22 19 23 38 48 45 37  1 20 43 37 69 28 44 45 44 24 22 32 34 43 37 42 29 19  3 12 16 18 17 10 15 18 19 20 27 17 12
  3  9 15 14 15  5 15 23 23 19 23 28 51 29 21 17 20 21 23  4 23 25 17 19 27 33 28 20  2 10 15 17  2 13 31  2 13 17 17 18 16  7  4 12 16 21 15 11 10 17  3 16 17 33  5 16 18 17  3 19 38 19 23  4 27 49 58 46 36 17 14 36 41 66 71 64 56 51 38 33 37 39 48 41 49 35 20  3 12 14 15 14 10 16 17 21 18 23 18 14
  5  7 15 16 18 13 13 20 22 22 20 23 30  5 12 16 19 24 24 15 20 26 24 24 29 34 32 29 19  4 10 17 17 13  4 13 33 12 16 17 17 11  3 15 22 27 22 19 40 32 15 16  2 18 13 15 20  2 28 23 21  5 25 31 44 58 55 49 36 21 12 32 37 59 67 67 62 53 38 26 44 52 63 59 85 58 40 20 15 13 14 12  2  9 14 17 17 22 17 13
  3  9 14 18 17 15 13 17 18 20 21 23 21  5 10 14 20 24 25 20 20 26 25 28 31 34 34 30 31 21  5 12 16 19 11  2 16 21 28 21 20  1  8 18 22 28 16  4 24 11  3 27 11  9  3 10 16 19 20 20  2 15 31 43 55 47 45 44 34 10 16 32 35 54 65 66 62 54 23 35 54 62 80 69 72 64 48 32 23 16 10  4  4  7 10 17 18 21 16 11
  5 11 12 17 16 14 13 18 19 18 20 20 17  9  5  8 13 22 25 25 23 24 25 26 27 31 33 33 31 29 20  4  9 18 17 12  1 18 17 13 28 32  4 27 21 14  2  4 12 14 11 18 11  5  8 14 18 21 18 17  2 25 38 52 55 38 40 42 30 11 20 31 31 52 63 69 70 54 21 45 73 67 74 69 68 61 53 37 27 16  5  6  5  9 10 16 16 17 14 10
  7  9 12 16 15 13 12 17 21 19 18 17 15  9  5  8 13 20 23 27 26 25 27 28 29 30 30 33 30 32 29 20  4 17 18 24  2 28  4 10 12 33 18 25 20  5  7  5  9 12 11 15 11  8  4 12 12 18 18 21  3 30 43 51 46  3 31 47 39 24 22 27 10 44 55 70 68 73 72 59 64 66 68 68 64 57 53 40 29  4  7  7  7 10  9 14 14 15 16 12
  8 12 13 17 19 18 17 18 19 19 18 20 17 14  8  1 10 16 24 28 26 28 28 27 28 32 31 31 33 32 26 31  2 33  5 18 19 21  2  6 11 12  3 31 25 20 12  2  9  9 11 11 12 12 18 11  3 14 24 32 35 45 56 42 47 26 28 35 31 24 12 24 30 50 55 70 69 83 64 63 63 62 62 61 58 56 51 43 31  5  9 11 10 10 12 16 17 16 14 12
  5  9 15 18 18 19 20 19 21 19 16 18 14 11  2  3 10 16 20 26 27 27 29 27 27 30 33 31 31 28  3 22 27 26  4 13 16 17 12  2  9 13 12  4 20 34 19 16  2  8  9 10 11 10 25  1 10 18 25 40 48 55 71 58 52 38 31 30 28 34 34 37 51 68 67 85 50 23 53 62 62 60 60 59 56 54 48 40 30  4  6  8 10 13 12 15 15 17 13 13
  5  7 15 17 20 20 21 21 23 22 18 16  4  9  8  8  8 13 19 24 25 29 29 28 31 32 31 27 23  1  5 18 27 28 20  3 10 14 20 12  5  8  9 12 12  3 16 33 13  2  6 15 10  9 31 14  4 16 27 42 49 50 70 65 59 42 33 26 41 45 54 50 66 83 62 53 25 32 50 68 64 62 63 61 54 52 48 41 28  3  3  9 12 12 13 15 15 14 15 14
  7  7 12 15 21 18 20 22 24 22 19 19 14 10 11  9  3 12 20 22 23 24 27 26 27 26 30 31 28 17 11 16 24 26 28 13  2  9 15 19 13  4  9 10 12  8  1 23 21 31  2 15 10  2 82 39 16 19 28 46 57 19 81 75 65 47 37 30 47 50 65 61 80 76 60 40 23 34 46 63 66 63 61 59 54 53 47 40 31 14  2  6 11 14 16 17 15 17 17 13
  6  7  9 14 19 16 16 22 21 20 16 16  4  7 13 11  8 11 19 22 20 20 23 21 21 11 21 24 24  5 12 17 20 25 29 22 12  1  9 15 18 11  2  7 11 13 10 13  4 19 15 31  2 11 36  5 25 78 17 57 58 18 68 79 67 42 25 46 62 58 71 59 62 62 47 19 31 35 45 54 62 67 67 60 54 50 46 43 32 19  3  8 12 14 15 17 18 18 19 15
  4  9 12 13 16 17 14 18 20 18 17 13  1  5 11 15 12 12 19 23 21 18 21 20 19 10 14 16 20 11  2  9 17 24 27 29 22 14  3 10 17 19 14  2 10 11 12 11  7  3 11 21 17 31 22 16  1 47 42 50 86 33 64 80 64 28 47 63 77 61 67 59 55 56 40 24 35 40 43 52 60 69 72 67 58 55 52 47 36 26 12  4 10 15 14 15 17 18 16 15
  4  9 12 16 17 16 16 18 17 18 15 12  3  7 11 16 17 17 19 20 19 19 21 22 21 15 11 15 18 13  9  2  9 20 24 26 29 25 17  4 11 16 18 12  5 11 12 13 11 10  1 10 15 20 10 34  3 43 55 42 16 35 63 78 79 31 64 84 74 62 65 56 51 53 27 28 42 40 44 50 59 69 70 65 61 59 56 48 41 28 16  2  8 11 13 13 17 19 18 13
  4  7 11 17 20 15 17 21 19 17 16 13  9  5 10 12 17 16 19 21 20 16 21 18 19 16 16 11 15 16 11  5  1 10 17 23 26 32 23 13  1  8 16 19 13  3  8 11 13 11  7  4  9 17 10  2 15 51 41 34 15 31 60 75 79 80 85 67 64 55 64 53 49 50 24 29 44 38 44 45 54 64 63 64 63 58 53 50 41 28 16  4  8 12 12 12 13 18 18 12
  3  6 11 14 16  2  7 14 17 17 15 16  9  8 10 11 17 18 18 19  5 10 15 17 17 15 13 11 10 16 16 10  5  4 11 18 21 28 27 21 10  1  9 17 20 15  5 11 10 12 12  8  1 12 20 11  5 52 29 25  4 23 61 79 70 66 65 25 51 54 80 64 52 56 38 30 42 20 35 39 48 60 58 64 61 60 54 54 47 35 22 11  4  7  9 14 13 18 17 10
  2  8 11 11 14  6  2 10 13 14 15 16 12  9  9 12 18 18 17 15 10  4 10 12 13 17 13 13 10 13 16 14 10  1  8 15 18 27 28 32 24 15  5 12 16 17 15  4  8 14 13 10  4  9 20 11 51 33  2 22 29  3 78 25 52 72 66 45 42 22 48 58 54 73 53 40 48 32 29 20 36 52 51 59 61 68 63 57 52 36 24 12  1  6 11 13 15 17 15  9
  3  9 12 12 13 10  9  9  4  9 14 19 16 11 10 10 16  9 15 16 12  8 11  2  9 15 11 12 14 11 15 12 12  6  2 10 13 22 24 27 29 23 14  2 10 18 20 12  1  8 14 13  8  5 32 55 10 15  5 33 76  3 30  2 40 75 73 60 49 29 28 44 50 62 62 55 82 50 33 43 27 44 48 59 63 72 66 60 55 39 26 15  4  6 11 14 13 14 14 11
  5  7 11 15 13 15 13 12  9  4 10 18 14 15 15 12 17 14 18 10 12 14 10  9  2  8  7 12 15 13 10 10 14 13  6  5  8 16 23 28 28 28 20 10  3 11 18 17 10  5 11 13 12  3 51  4 10  4 73 40 44  2 17 17 31 47 80 67 52 38 32 36 28 48 58 57 60 56 47 77 43 40 23 45 59 67 69 62 57 44 33 18 11  2  6 10 14 15 15 11
  4  6  8 15 15 14 16 16 14 10  2 12 13 12 14 14 17 20 22 17 17 15 10 12  9 10  1  9 12 15 15 10 14 15 12 10  3 11 21 28 30 31 25 17  2  9 15 16 18 13  2  6 16 12 49 13 28 78 59 42 37 28 25 26 36 54 79 75 56 42 40 36 34 38 44 45 24 41 35 45 47 47 36 46 54 63 62 70 62 48 35 25 14  3  5  8 11 13 12 13
  5  6  9 13 13 15 16 19 18 15  8 12  3  9 13 12 15 19 21 22 23 19 17 17 17 10  8 10  3 11 16 11 12 15 12  9  3 11 15 24 28 30 28 25 13  5 11 12 24 18 10  1 32 56 12 82  3 10 24 29 28  1 14 22 33 46 47 71 32 33 35 29 30 33 36 39 27 31  3 21 35 42 43 48 54 62 56 59 63 50 38 27 18  8  1  8 13 13 10 13
  3  6 10 14 13 16 19 22 20 19 12 12  6  2  7 11 14 18 21 22 23 20 24 22 20 18 14  9 12  5 10  9 11 14 14 11  9  5 11 16 23 26 26 28 24 18  5 11 26 22 19  4 49 82  4 12  3  6 10 16 20 10  4 15 29 40 48 77  3 21 30 26 30 27 33 33 29 30 13  5 21 36 44 48 53 61 48 53 71 55 41 31 19 13  2  9 12 11 11 10
  3  6  8 14 15 17 19 23 24 24 19 13 11  8  3  6 10 18 23 26 26 26 29 29 24 25 20 20 21 15  9  1 19 11 15 16 12  7  4 13 18 25 26 33 30 25 16  1 27 25 34 19 71 51  1  8 13  2 10 14 16 14  3 13 29 42 50 69 37  2 24 23 28 27 29 33 30 30 25 21 21 28 32 38 42 41  5 21 38 41 40 35 27 19 10  9 13 10 11  8
  4  8 10 14 14 16 21 24 24 25 19 18 16 10  4  1  9 16 25 27 27 30 33 32 32 31 28 27 28 27 32 35 46 10 11 13 14 13 10  5 10 23 22 34 29 30 20  2 37 39 74 49 17 22  2  6 12 12  1 10 11 13 10  2 21 36 46 52 69 38 31  2 25 24 30 34 34 31 32 28 23 25 26 33 37 36 15  5 20 29 32 32 26 21 16 13 11 11 12  8
  2 10 11 13 15 16 19 21 21 25 21 20 16 14  8  4 11 20 25 29 33 32 38 37 36 36 37 37 40 41 48 51  1  8 10  9  8 12 11  8  5 17 17 33 31 37 28  4 71 10 49  2 11 19 14  4  7 11 12 10 14 15 13  3 14 31 43 48 80 59 41  5 22 22 29 30 32 32 36 34 27 26 22 26 28 28 18  1  7 14 19 25 27 21 17 16 12 12 12  7
  2  7 11 12 15 18 18 19 19 21 21 19 17 10  3 10 14 19 24 30 37 37 41 43 41 44 41 43 48 49 53 40  3  9 13 10  1 11 10  9  8 15  2 33 36 56 43 84 18 35 52 19  3 16 20 12  2  9 10 12 10 15 15  8  4 20 34 43 50 81 60 31 27  6 21 27 31 31 38 38 28 28 25 25 25 26 22 13  5 11 15 18 22 19 17 16 16 15 15  7
  2  7 10 14 14 17 17 19 20 19 18 20 15  8  4 11 14 23 26 31 35 39 42 46 47 46 43 46 51 47 47 32  4  7 16 19 10 10  1  8  9 12  5 41 45 74  1 35 27 58 47 23  5 14 20 18 13  3  7 13 12 14 12  9  2 15 27 38 49 80 72 50 40 21 15 27 30 33 44 50 36 35 28 29 24 28 23 19 10  5 11 11 16 20 16 18 15 15 15  8
  3  6  9 15 18 18 18 19 21 19 19 19 15  7  2 10 18 25 30 32 36 39 46 49 51 52 50 48 52 51 44 31 10  3 14 21 13 10  9  7  5 24 48 75 35 13 17 26 52 28 31 20  1 11 15 15 19 14  1  7 12 12 15 14  4 13 23 36 45 14 83 65 48 29 15 24 33 36 48  1 17 30 29 29 28 26 24 24 13 11  2  6 10 17 14 14 12 16 15 12
  5  7 10 16 18 18 20 18 21 17 15 15 12  1  7 13 20 26 30 32 38 42 50 51 53 56 56 53 53 48 42 26  4  9 16 25 17 11  8  3 35 41 75 42  1 18 10  3 50 29 28 25 13  5 11 16 18 19 11  5  9 10 12 12 10  2 15 30 38 48 72 65 51 35 10 25 32 37 49 14  2 18 24 32 31 30 26 24 20 15  8  1  7 12 11 13 15 14 12 10
  5  8 10 17 20 21 19 18 20 16 15 12  7  4 11 18 24 30 33 37 40 43 49 50 54 54 54 50 44 39 36 23  3 12 15 29 20 23 11  1 78 46 38 18 24 32 40 58  9  1 28 27 21 12  1  9 17 17 17 11  2  8 11 13 12 10  3 21 34 45 69 66 54 38  7 19 33 37 46 27 10  2 14 22 30 33 27 29 23 19 10 10  4  6  8 11 15 13 11  8
  6  8 12 18 19 19 18 19 19 17 16 12  2  6 10 17 23 30 34 37 40 42 52 51 51 54 45 37 40 38 39 25 15 29 29 46 40 58 85 11 28 27  4 22 31 42 49 41  5  9 25 28 26 16  8  1 11 13 14 20  3  9 10  4 13  9  3 18 27 45 12 79 60 41 13 23 34 39 47 31 17  6  5 11 26 29 31 34 28 25 17 17 11  5  6 10 10 11 10  7
  3  6 10 17 21 22 22 22 19 18 13 10  3 12 13 22 28 33 34 40 45 43 53 55 56 53 48 31 32 32 36 10 18 37 38 61 52 73  2 11 10 14  1 24 39 56 46 30  3  9 19 25 28  3 10 11 10  5 10 19 17  3  6 11  5 12 10  1 18 33 44 72 64 44  9 18 30 40 46 35 24 14  8  4 17 23 26 28 29 29 18 19 15  9  4  9  9  9 10  9
  6  7  9 17 22 23 24 23 18 17 12  8  2 12 15 21 28 33 37 39 43 43 53 56 54 47 38  2 27 37 57 26 20 50 54 84 45  5  6 11 10 12  4 28 46 57 46 31 13  1 16 22 28 30  2 15 10 11  4 13 16 18  1 11  3 11 12 10  1 28 52 17 83 58 31 15 25 36 47 39 28 17 12  5 13 18 21 22 20  9  1 28 24 14 10  4  8 12 11  8
  5 10 13 14 20 21 23 24 20 18 14  3  8 14 19 25 32 37 41 43 48 50 60 58 52 46 38  6 27 41 61 16 51 71 54 61 36  2  7 14 18 10  2 35 57 52 40 26 13  2 14 17 23 27 27 21  1 10  9  9  1 14 20  3 10  2 10 12  3 21 47 10 73 62 40  9 25 37 45 39 31 20 12  5 12 18 18 15  9  9  2 21 28 17 11  8  1  7 11  8
  3  7 13 13 18 21 22 22 18 16 11  2 10 16 22 27 31 40 45 46 51 53 63 54 47 43 35  2 19 34 56 57 87 70 54 52 33  3 10 14 21 22 10 55 46 41 36 22 16  5 13 16 22 24 29 30 17 15  3 11  6  9  5 17 11 10  4 10 12  1 25 46 70 61 42  8 25 35 47 36 25 16  1  4  8 15 16  9 18 12 13 19 19  5  5  8  6  6  8  7
  3 10 14 17 18 18 22 22 19 13  5 10 15 21 26 32 36 48 52 56 62 63 86 48  3 39 52 30 14 36 76 55 63 63 55 49 29  3 15 24 29 38 38 51 41 34 26  1 12  8 14 10 14  5 23 27 28 14 13 13  5  8 10 18 20 10  9  4  9 13  3 50 15 81 50 13 25 34 45 33 25 12  4  5  9 14  8  1 38 23 19 19 15  6  1  5  8 10 10  7
  3 12 17 19 20 21 19 21 18 13  4 11 15 24 29 37 39 46 51 52 60 60 51 20 89 62 17 49 73 39 19 46 65 58 52 45 24  7 22 31 40 47 50 10 21 21 20  3  9 12 12  9 11  4 15 22 14 29 23 17 14  5 11 16 21 20  5 10  4 11 13  3 52 85 58 17 22 36 50 32 22  1  8 11 11  9  2 45 40 31 24 18 14  4  3  4 10 10 11  8
  6 12 14 20 18 21 22 19 17 12  4 14 20 29 33 42 41 48 49 50 53 48 41  4 51 51 94 72 64 16 28 45 61 54 46 37  9 15 26 37 50 58  2  8 11 16 16  3  6 10 14 10 12  3 13 14  4 32 28 23 19  2  9 12 17 19 18  3 10 10  5 13 45  7 70 37  6 31 43 29 18  4  7 12  8  2 41 40 41 34 30 19 13  1  6  8  9 11 13  8
  4  9 12 15 16 17 18 17 15 12  1 13 22 31 34 45 47 50 50 52 52 48 41 13 45 79 36 55 93 40 25 38 63 58 50 37 14  3 25 36 47 48 18  5 13 11 12  8  5 11 11  9  8  5 11 14  3 24 31 25 22 10  2  5 10 16 11 18 13  4 12 19 43  6 70 52  7 26 44 23  5  8  9  9  5 25 40 36 39 33 32 21 13  2  4  9 11 11 11  8
  6 11 12 16 17 19 20 19 11  4  7 17 26 33 34 47 49 54 55 54 52 19 57 87 21 55 36 22 55 57 90 24 61 58 51 35  7 16 34 45 57 42 19  3 12 15 11  9  3  8 11 10  3  8 14 15  4 18 29 28 26 19 12  2  8 10 10 10 17 14  3 14 35 45 11 78 10 26 43 21  5 10  9  5 28 46 40 34 36 33 30 19  3  2  4 10 14 13 13  8
  6 10 15 15 14 16 17 18 13  3 12 22 27 38 39 49 51 55 54 46 10 30 75 17 60 54 40 26 24 39 61 53 89 23 58 35  3 20 40 48 50 35  1  7  9 13 11  8  5  8 12 10  2 13 16 14  2 10 26 31 31 27 19  3  8  8 13 10  2 17 10  3 25 51 13 72  1  9 51  3  7  9  3 18 46 45 42 35 35 33 30 16  1  4  6  8 13 11 13  9
  3  8 11 13 14 12 12 10  2  7 12 26 29 42 41 52 51 59 51 15 79 38 15 28 52 52 41 29 24 20 37 55 76 54 88 46 22 29 56 47 48 29  4  7  8 13 13 10 11  3  8  9  1 14 17 17 10  3 24 27 31 32 24 14  3  4  8  9 10  3 20  4 19 43 12 82 12 19 43  4  9  1 22  3 40 41 37 33 34 31 31 14  3  5  5  8 11 13 11 10
  3  9 11 12 15 16 12  8  4 11 18 34 38 48 48 61 62 71 78 35 39 18 25 41 58 52 43 33 29 25 23 46 66 65 77 66 88 20 53 46 47 32 21  1  5 13 11 14 10  5  8 10 13 16 22 17 15  3 22 28 29 34 30 24 15  2 10 11 11  1 11 18  1 23 44  7 71  7 43  4  8  4 21 43 38 37 34 30 32 30 27  2 10  8  8  9 11 13 14 12
  6  9 12 12 13 16 10  8  3 12 21 37 45 57 50 66 66 81 62 34 17 26 34 47 54 50 44 32 27 21  2 27 51 59 66 65 63 50 81 52 53 35 35  5  4 11 10 12 16 11  5 15 19 16 24 18 19  4 18 22 27 33 33 32 22  2  8 10 10 10  5 13 19  3 44  9 74 13 51  9  1 22 43 39 37 32 29 24 30 26 27  3 13 11 10 10 11 11 12  9
  5 13 14 15 13 14  8  2 11 19 27 43 52 64 50 75 50 58 47 24  4 23 37 52 58 48 40 29 21 13  4 21 42 53 58 61 50 40 17 45 84 51 51 18  1  8  7 12 23 11  2 13 23 20 24 21 23  4 15 19 22 32 33 31 27 13  3  6 10 10 10  4 11 17 49 16 49 83 50 19  1 29 43 40 35 30 29 23 32 26 25  1 14 13 14 13 11 14 13  9
  6 16 14 13 15 12  2 13 21 27 34 55 61 79 14 49 50 44 29  2 14 28 43 55 50 45 37 28 20  6 14 27 38 50 57 61 57 42 27 21 53 55 85 43 41 18  2  6 26 19 13 14 24 22 24 23 22  1 14 16 20 31 34 34 29 19  1  4 10 11 13  5 10 17 20 52 16 81 43 12  1 46 19 27 29 26 23 21 32 26 30  5 22 18 17 17 11 12 14  9
  5 15 16 12 11  4 10 19 30 37 48 72 53  9 32 47 39 32 20  1 17 31 44 56 51 44 36 27 17  4 16 31 40 49 53 52 48 40 29 21 40 50 73 64 90 36  2  7 30 14 26 19 27 23 26 24 23  3 16 17 18 29 30 31 32 32 19  1  6  9 11  6  1 16 27 52  9  3 83 12 42  1 19 25 24 20 20 16 33 26 30  3 25 21 17 18 13 11 14 11
  3 12 17 16 14  9  5 18 30 36 47 61 56 43 46 42 34 23  5  9 19 35 49 55 50 41 34 21  4 10 22 32 41 51 53 47 42 36 29 22 22 35 57 66 77 62 92  2 31 13 30 24 33 26 29 23 24  4 19 17 18 32 28 29 32 30 32 21  5 10 10  8  3 18 26 47 17  5 77  9 42 12 19 23 23 16 12  5 36 39 56 38 74 40 21 14  5  8 13 10
  3 13 16 17 13  9  2 17 30 37 43 56 55 52 42 39 26 20  3 13 22 38 48 54 48 37 27 15  2 16 24 37 44 50 51 47 40 34 31 24 18 15 41 55 63 61 71 42 79 39 47 34 43 30 36 26 25  4 17 15 17 33 30 27 29 30 33 29 15  1  7 10  5 10  8  5 47 19 71 44  4 17 21 19 21 15  5 14 53 52 78 51 52 36 15  3  8 11 12 12
  3 15 14 17 12  8  2 15 27 34 39 49 53 45 41 33 24 16  2 13 23 37 50 53 46 37 26 13  4 20 29 42 50 56 48 43 38 29 26 13  1 10 26 39 47 47 48 32 13  3 86 55 60 43 47 36 33 15 20  6 10 31 26 24 24 25 31 30 27  2  9 10  2  9  4 21 46  3 51 85  2 16 19 12 15  1 37 43 91 64 65 48 37 24  1  6  8 12 14 10
  3 13 14 16 12  2 12 21 31 40 44 48 52 46 36 28 14  4 12 19 31 44 56 47 41 31 22  4 14 24 34 45 53 50 43 39 33 24 17  2  3  7 17 28 33 37 32 13 15  3 41 50 83 56 55 41 43 27 27 15  6 27 25 22 25 25 30 30 30 29  3  7 11  8  4 29 48  3 46 78  2 22 19  1 13  4 77 54 67 60 55 38 24  5  9 13 13 14 12 10
  3 12 13 16 12  2 16 26 36 41 45 48 49 41 32 22  2 10 19 27 36 46 57 45 35 28 19  3 20 30 37 49 49 44 41 37 28 18 13  3  4  7 12 22 24 27 13 14 17 11  4 25 55 58 78 57 56 36 40 23 15 29  4 14 18 20 26 30 32 30 30  1 10  9  2 26 40 44 46 13 81 37 93 38 83 13 32 42 52 52 44 27  3  5 12 14 15 14 15 13
  5 14 11 11  7  1 15 28 36 43 47 52 49 39 29 17  4 11 22 30 42 52 57 43 30 23  7 17 26 38 47 57 50 43 36 29 22 14  4  6  7  9 10 18 23 22 13 14 18 16  9  2 28 44 67 64 78 52 53 34 23 36 19  3  8 16 24 26 30 27 24 29  2 10  5 28 42 44 45 15 85 17 78 39  2 11 13 29 41 46 40 25 10  3 13 18 17 13 13 13
  7 18 13 10  1 12 23 32 38 46 47 47 43 35 26 17  1 12 24 35 45 53 56 42 30 15  2 21 34 46 48 49 45 38 31 22 14  2  6  7  9  9 14 18 22 15 14 14 17 17 13  2 18 31 53 61 70 62 78 51 39 50 30 27  3 10 15 18 19 16  8  5 32 11  5 31 38 45 11 77 89 69 20 26 19 15 15 20 31 35 28  2  9  6 18 22 23 15 16 15
  4 20 14 11  1 19 28 37 46 50 47 48 41 29 17  6 12 16 24 34 46 57 62 42 26  5 15 26 41 48 44 45 39 31 23 18  3  4  7 11 13 12 15 17 14 16 16 12 18 16 14 17  4 20 44 58 66 63 67 65 63 95 56 47 17  2 10 14 14  9  5 15 32  5 11 46  2 51 91 31 62 72 20 17 21 21 17 20 26 28 23  3  5  9 23 24 24 16 16 12
  6 23 14  5 11 25 35 42 46 47 42 42 38 23  1 11 17 24 31 38 47 56 51 38 19  6 23 34 46 56 46 39 37 30 22 13  3  7  7  9 13 12 17 19 14 16 13 11 20 18 17 32 15  5 29 49 57 57 57 60 65 81 70 82 29  3  9 11  9 12  4 15 34 30 41  9 77 84 51 10 40 70 21  2 19 22 19 19 25 27 20  8  3  9 26 25 28 17 17 14
  6 33 19  5 14 31 41 46 54 50 45 45 39 22  7 15 23 30 33 40 53 60 45 28  5 18 30 40 50 50 46 40 35 24 16  2  6  7 10 13 13 12 17 14 16 16  9  1 23 31 38 75 46 26 30 38 48 44 27 46 63 69 74 76 52 79  2  8 20 18  5 18 48 53 81 10 89 44 52 34 17 51 82  1 14 20 19 21 25 26 16 14  4 11 33 32 32 21 19 16
  5 81 37 37 16 37 48 51 50 51 43 42 36 15  1 15 24 30 35 41 49 51 36 23  3 22 39 48 49 50 43 36 27 20  3  6  7 10 13 14 13 15 14 16 14 11  1 10 30 44 55 88 64 43 35 34 35 25  3 26 49 52 61 56 42 35  9 91 51 34 44 40 78 40 10 81 15 50  5 51 17 42 83 45  1 22 18 17 24 21  5 20 23 31 71 44 33  3 12 12
  4  3 32 86 18 50 51 57 47 50 40 39 32  2  8 18 25 33 37 44 51 53 34 16  1 28 42 50 51 51 41 33 27 18  4  8 10 11 16 16 14 15 13 17 14  8  2 17 36 52 66 86 69 51 39 32 29 14  1 13 36 40 49 42 28  8  5  1 58 93 78  8 38 15 93 11 29 51  1 43 33 13 63 84 41 36 26 24 30 30 23 31 34 45 76 53 32  5 10  9
  5  3  3 39 37 84 61 65 51 55 47 48 33 19 21 22 26 35 41 49 53 54 28  2 19 38 50 48 49 47 39 27 19  3  7  8 12 15 18 16 15 13 16 17 15  9  4 20 39 52 67 78 69 55 43 33 25  2  8 11 28 28 42 31  8  5  2 29 80 31 68 83 80 49  4 13 10 42  1 23 47 16 57 85 57 51 40 30 34 38 39 41 44 54 84 61 37  1  5  9
  3  5  7  2 22 54 59 89 61 64 52 54 36 22 28 27 30 38 40 48 55 46  5 18 34 56 54 50 50 47 38 24 14  3  5  8 13 16 17 17 19 13 15 18 17  8  5 21 43 53 70 81 69 54 41 32 27  3 15 13 30 26 40 22  9  4 88 48 37 53 70 86 38 91 31 18 24 46 31  3 44  9 52 75 60 56 44 31 23 35 42 47 49 59 72 58 37  4  7  9
  3  4  6  4  4 24 40 64 65 87 65 65 48 41 23 30 33 39 45 52 60 46  4 28 43 49 54 47 51 45 30 15  4  7 10  9 14 18 17 16 15 15 15 16 13  1 14 25 43 56 69 78 66 53 43 34 25  2 17 14 34 26 41  9 84 45 64 30 52 70 77 67 32 54 53 87 17 48  2 31 45 38 46 58 51 54 42 12 26 38 47 51 53 62 79 59 40  2  7  8
  3  4  8  5  5  4 24 40 52 70 72 86 63 59 32 21 31 36 43 50 56 48  7 37 58 49 55 46 48 41 21  3  7  7 12 13 17 16 20 13 17 14 14 16 10  4 19 32 50 59 73 81 70 59 46 39 34 26 39 31 58 46 88 41 45 36 61 59 71 85 44 50 33 19 43 75 51 94 11 31  1 50 46 55 43 50 38 11 27 37 45 51 57 64 73 58 37  1  6  7
  4  7  9  9  7  5  5 22 35 54 67 81 78 92 51 49 26 30 41 51 60 81 16 52 58 52 55 45 47 40 20  3  8  7 10 12 16 16 20 14 17 16 12 13 12  4 21 32 50 59 75 80 68 55 40 32 48 41 59 47 85  8 36 23  1 31 65 75 91 39 39 38 22  4 27 51 50 42 11 88 28 45 45 55 44 50 35 15 31 40 45 55 61 69 86 65 41  1  3  4
  2  6 10  9  9  6  6  5 20 37 59 75 78 89 72 85 40 18 33 51 17 62 84 58 59 50 56 45 45 33  2  7  8  9 14 16 19 20 15 14 16 15 11 12  4 11 25 33 49 56 71 72 57 44 24 30 61 47 76  1  8  7 15  2 29 37 72 85 39 36 32 28  4 10 23 39 46 42  1 11  3 90 66 67 50 59 46 37 34 39 44 50 57 63 79 79 45  4  7  7
  2  6  8  9 12  9  6  5  2 18 46 63 76 85 79 85 68 90 21 52  3 47 55 17 79 59 61 46 46 30  3  7 11 13 14 17 17 14 17 19 19 14 10  9  4 14 29 35 52 57 74 78 51 34 56 45 91  4 25  8  6  5  1 27 55 54 91 18 46 38 31 22  2 13 23 34 41 43  3 11  2 38 44 84 56 66 51 48 35 34 42 51 56 64 74 85 49  5  7  9
  5  8  8  9 13 10 11  8  6  4 29 50 68 80 80 84 78 83 57 87 20 54 42 21 54 64 89 58 58 38 26  1  5 10 12 15 18 13 20 22 18 13 12 11  3 16 34 39 55 62 80 87 36 46 86  5 40 25  8  8  8  3 29 54 86 16 50 46 44 38 26 17  1 15 26 35 41 45  4 10 10  5 52 28 10 93 66 64 41 46 32 42 49 58 67 72 47  3  5  7
  5 10 10 11 12 13 15 10  9  3 19 39 58 72 74 80 77 78 62 55 58 97 61 55 42 56 67 66 88 52 48 15  1  9 15 17 15 20 24 23 20 12 10  2 17 23 37 41 59 59 76 74 89 38  7 12 24 26 14 10  1 29 56 77 11 26 46 43 37 29 22  3  8 17 24 34 38 42  5 10 10  5 51  5 32  5 50 79 50 54 37 32 45 54 68 85 50  1  7  8
  5 10 14 14 12 16 14 10 10  4 15 31 45 61 68 71 70 68 62 52 52 24 55 96 58 48 38 56 78 62 80 31  3  8 16 15 18 26 26 23 18  9  1 14 32 33 47 48 69 66 87 81 57  2  7 10  9 25 14  3 34 59 81 49 10 29 40 40 35 26 19  5  9 17 22 34 38 44 18  4 11 11  4 46  3 30 32  4 35 78 48 53 29 44 60 80 51  4  7  6
  6  8 10 14 15 16 15 11  1  6 15 28 42 53 63 67 66 62 56 52 50 33 22 63 61 56 92 64 66 40 66 54 88  1 12 15 22 33 32 24 13  5 22 28 46 43 58 60 83 35 75 88 48  2  9  8  4 27 17  8 60 90 54 15 28 40 36 36 31 24 17  5 10 16 26 35 38 49 22  3  9 11  1 44  3 16 32 20 10 53 53 89 42 32 51 75 52  3  6  9
  3  9 12 15 15 14 16  9  1  8 18 30 41 51 56 61 64 60 55 51 51 40 33 45 42 22 63 64 67 55 62 61 75 90 13 32 29 35 37 22  3 20 39 43 60 57 75 48 25 45 70 76 46 25 29 74  5 25  9 48 94 57 19 28 44 41 34 33 28 20  3  8 13 17 27 33 38 44 23  1  9  9 10 45 24  2 21 27 19 32  9 46 50 91 32 73 55  1  3  6
  5 10 13 15 16 17 17  9  5 10 20 32 43 50 56 60 61 58 62 54 50 42 36 33 26  3 36 48 55 48 50 48 45 15  5 77 55 55 48 27 34 40 58 59 78 56 52 30 34 51 68 82 24 67  8  2 26 27  2 77 51  8 22 33 39 36 34 28 25 19  5 12 17 21 26 34 37 45 25  5 10 11 10  2 44  3 14 29 25 27 19  9 30 62 51 89 86 27  4  6
  7 10 12 15 15 15 12  8  3 12 20 33 43 49 54 56 60 49 61 52 50 43 35 26 19  4 26 38 47 43 40 40 29 14 14  2 51 80 62 35 60 64 91 70 69 50 39 45 43 59 72 88 68  8  9  4 38 23 80 43 10 18 29 40 36 35 30 27 20 15  1 13 19 24 27 36 36 51 31 15  5  7  9 11 47 22  4 18 29 25 21 17  2 32 48 70 76 40  2  8
  4 11 11 15 16 14  9  3 10 19 23 31 40 50 57 56 58  8 58 53 48 43 37 24 12  2 21 30 42 41 34 29 13 13 24  4 42 67 72 80 89 76 75 70 59 28 40 50 45 60 67 74  9 15  1 43 86 27 39  5 21 31 38 38 34 31 25 20 17  3  8 14 19 22 28 33 34 47 26 13  5  7 10 10 46 33  2 10 22 30 23 17  5 23 40 59 81 48  5  9
  3  7  8 11 12 14  7  1 11 19 25 35 42 51 56 58 53 57 52 51 43 41 33 18  5  6 19 25 38 35 28 23 13 13 28  2 45 65 82 32 75 83 73 66 55 22 40 54 43 62 18 75 35 28 51 81  4 27 24  2 22 38 42 35 34 30 22 19 15  2  9 18 22 26 27 33 31 46  2  1  6  2 11 14 10 47 18  1 13 23 28 24 15  5 30 53 72 45  1  5
  2  8 11 14 12 13  7  2 11 19 30 37 43 50 57 52  4 57 49 48 42 36 28 13  1  8 23 26 37 33 27 14 12  5 48 35 85 66 55 31 62 74 76 78 54 23 49 68  1 21  9 79 29 54 79  2 14 26 17  1 31 45 39 37 36 27 23 15 12  5  9 19 23 24 26 30 29 51 23  7  4  3 11 14 10 43 31 15  4 14 22 29 19  1 22 45 71 46  1  3
  5 10 12 14 13 11  2  9 17 25 33 40 49 55 54  4 24 54 47 44 39 34 24  4  9  9 22 21 32 28 15 12  2 27 89 54 57 61 46 31 50 65 74 76 66 74 64  3  5  9  5 73 27 82 43  4 20 27  2 20 46 42 40 34 34 28 21 13  3  7  8 13 15 18 16 13  1 48 32 14  8  1 15 20 21 45 39 25  5 11 21 24 30 20  4 34 70 48  3  3
  7 10 11 14 13  8  1 11 21 28 38 45 54 57 57  9 36 62 50 45 36 31 23  5 16 13 27 24 35 24 14  2 82 51 61 48 41 50 22 34 46 57 66 71 63 39  3 10  9  1 41 88 88 67  7 10 23 26  5 28 45 38 34 28 30 24 15  1  3  6 10 11 11 11 11  1  2 47 33 21 10  5 11 17 19 10 47 36 14  5 16 23 25 31  7 35 83 55  4  3
  4 10 12 14 12 11  4 13 23 31 43 47 57 55 33  4 38 53 48 41 33 29 21  5 19 17 32 23 38 15 83 39 56 46 44 36 27 46 39 46 54 55 64 72 38  5  6  9  7  4 53 86 75 63 28 12 26 29 29 38 37 34 33 24 26 16  2  2  6  7 11 13 12  8  1  5 15 45 34 19 11  2 11 18 25 25 47 43 25 14  5 15 19 26 27  2 42 77  2  6
  6 11 14 12 10  4 13 23 30 35 45 54 58 33  9 25 61 51 46 39 35 26 17 18 36 29 51 38 74 40 55 40 41 35 29 18 31 45 44 54 59 56 63 36  1  5 10  9  5 27 84 28 73 56 34  7 28 34 41 33 32 27 26 21 18  2  6  5  8 10 12 14  8  1  3  7 12 28 24  3  7  4  9 13 19 22 11 51 33 20 12  2 10 21 24 27  1 73  3  6
  5 10 12 13  8  3 17 27 37 44 51 52 37  4 18 37 56 51 44 34 30 18 37 33 56 43 81  5 14 28 35 32 32 22  5 16 34 49 47 63 67 49 29  3  5 10  8 12 10 20 40 19  4 35 36 25 35 37 40 29 28 25 21 17 17  3  6  7  8 10  8 12  1  1  6  9 11 18 16  2  9  6  8 13 15 20 15 10 20 20 14  7  1 18 30 35 29 71  4  4
  6 11 14 14  8  2 19 29 40 46 54 58 33 10 24 44 62 54 42 31 23 28 56 47 84  3 32 15 17 22 24 22 21  1 16 21 40 55 50 68 43 33  1  7 10  9 11 12 10 15 17  3 12 26 37 34 40 39 36 23 21 22 17  4 12  7  5  8  6  5  1 10  6  6  6  8 11 13  3  2  6 10 13 14 18 20 19 11 12 16 13 10  3 19 31 38 45 75  2  4
  5 10 10  9  4 11 23 33 42 52 57 43 26  8 24 46 60 48 34 21 50 44 83 36  2  7 15 15 16 17 18  5 15 20 35 31 52 65 44 32  4 17 11 11  9 12 15 11  8 14  3 10 18 27 38 41 44 34 27  4 13 18 11  6  9  1  3  5  7  1  1  8  9  8  9  9 12 11  4  3  4 10 13 16 18 19 21 16 10 15 14 12  2 18 31 43 54 76  3  3
  3  6  7  9  2 14 25 38 45 49 41 30  4 12 22 46 51 38 17 35 83 44 49  3  5 14 15 15 17 16 16  4 14 31 49 41 64 46 28  5  5 11 14  9  4 11 11 13 11 15  7  4 18 28 40 45 45 38 30 14 11 11  5  8  9  8  8  5  1  3  2  4 10  9  8 11 12 12  2  5  8 11 13 15 15 16 17 17 10 11 13 13  5 15 27 43 60 83  1  4
  3  7  9  7  5 20 29 39 48 48 35 17  2 19 31 56 17 43 79 46 37  2 24 15 13 15 12  3 14 14 11 18  5 42 61 39 44 25  4  7  8 10  9  8  6 10  9 10  2 14 13 11 22 31 42 38 36 32 28 15  9  3  7  9 10  7  8  1  4  4  7  9 12 11 12 11 13  8  1  4  7 10 12 13 14 16 19 17 11 11 12 13  7  4 19 31 50 71 73  1
  3  8  7  5 17 27 38 47 55 40 27  2 19 19 12 59 81 50 51 36  3  6 15 16 16 13 15  8 12  5 16 38 29 61 51 28 27  1  4  7  8  8  9 11 10  8  9  3  7 16 16 16 26 39 44 38 31 27 23 11  5  8 10  9  8  7  1  1  2  7 10  9 12 12 14 10 12  5  6  8  8 11 13 16 18 17 17 17 13 11 14 16 12  5  1 12 27 45 49 14
  3  9  9  5 23 36 48 57 48 36 22 20 48 46 87 60 65 51 45 38 22 15 18 17 22 24 24 23 27 25 32 74 41 42 33  1 13 10  7  9  8 10  9 13 13  8  8  4 11 18 20 22 34 44 46 36 28 21 14  2  5  9  9 11  7  1  5  6  5  5  8  9 10 14 14  9  8  2  8 11 13 14 13 17 19 17 16 18 14 14 11 16 14  9  4  4 15 28 34 19
  3  8 10  5 24 37 49 48 33 17 50 43 86 21 56 57 56 49 41 38 28 23 17 18 16 19 16  5 14 19 23 42 39 35 31 17 15 11  9  9 11 11 10 14 11 10  3  8 14 16 22 23 36 43 37 32 24 18  3  5  6  9  7  8  1  5  8  8  6  7  9  9 12 12 13 12 11  4  7 10 14 15 14 15 17 15 18 20 18 13 11 13 11  9  6  3 12 18 24 18
  6  6  5 14 32 42 53 36 18 32 83 41 17 25 40 52 45 43 36 35 30 23 20 16 16 15 11  2  6 14 16 24 30 29 25 17 15 12 12  8 10 12 13 10 10  2  6 10 13 14 21 28 44 38 35 32 29 24 16 11  8 10  9 12  8  6  7  7  5  8 10  1  7  8 10 11 13 12 10 10 11 11 11 12 13 16 15 15 16 15 13 10 12 10  5  1  6 11 16 13
  7  8  4 17 37 48 18 42 89 57 59 46 28 24 25 32 31 32 29 27 28 24 20 15 13 13 12  7  6 12 14 15 21 21 22 19 14 13 14 10 10 12 11 12  9  7  8  7  8  1  9 15 24 26 26 24 26 24 17 15 12 11 12 12 10 11 11 11  8  9 10  7  7  9 11 10 11 13 14 12 13 12 14 14 11 15 15 16 15 14 13 10 10  8  5  1  4  6  9  7
  7  4 15 21 51 37 26 27 40 35 35 31 24 20 16 17 18 17 17 15 17 18 17 12 12 10  8  8  8  7 10 10 12 14 14 14 10  9 11 11  8  7  7  8  6  7  7  1  7  6  6 11 13 15 14 14 17 17 13 13 14 12 13 11  8  9 11  9  7  6  8  9 10  9  8  8  7  9 10 11 11 12 13 12 10 11 13 11  9 10 10 11 11  9  8  2  4  5  8  5
